[Thermostat]
step=1.00
disp=50.00
GPIB=9
[DAQ]
range=1
averaging=100
rate=200000
time=50
gate=50.0000
Dev=1
trigger=0
ai_relax=0
ai_pulse=1
ai_capacity=1
[Generator]
period=80.0000
width=5.0000
isActive=1
GPIB=10
ch=1
amplitude=-1.000000
bias=5.000000
step_voltage=-1.000000
begin_amplitude=3.000000
end_amplitude=0.000000
[General]
file=test2
mode=1
save_path=C:\Users\Âèêòîð\Documents\GitHub\DLTS\save\D220\
[Model]
mass=9.109e-031
g=1
[Ñorrelator]
width=100.0000
c=10.00
type=3
amount=5
_0=5.0000
_1=20.0000
_2=25.0000
_3=30.0000
_4=40.0000
_5=40.0000
_6=40.0000
_7=40.0000
_8=40.0000
_9=9.0000
_10=9.0000
_11=9.0000
alpha=0.10
Use_alpha=1
[SULA]
range_capacity=1
pre_amp_gain=3
[Fitting]
abs_error=1e-006
max_iter=50
use_for_relax=0
use_for_dlts=0
