[Thermostat]
step=1.00
disp=50.00
GPIB=9
[DAQ]
range=1
averaging=100
rate=200000
time=50
gate=50.0000
Dev=1
trigger=0
ai_relax=0
ai_pulse=1
ai_capacity=1
[Generator]
period=80.0000
width=5.0000
isActive=1
GPIB=10
ch=1
amplitude=5.000000
bias=-1.000000
step_voltage=-1.000000
begin_amplitude=3.000000
end_amplitude=0.000000
[General]
file=D220_250_to_296
mode=1
save_path=C:\Users\Âèêòîð\Documents\GitHub\DLTS\save\D220\
[Model]
mass=9.109e-031
g=1
[Ñorrelator]
width=100.0000
c=5.00
type=3
amount=6
_0=3.0000
_1=4.0000
_2=5.0000
_3=6.0000
_4=7.0000
_5=8.0000
_6=7.0000
_7=8.0000
[SULA]
range_capacity=1
pre_amp_gain=3
[Fitting]
abs_error=1e-006
max_iter=50
use_for_relax=0
use_for_dlts=0
