[Thermostat]
step=1.00
disp=50.00
GPIB=9
[DAQ]
range=1
averaging=100
rate=200000
time=120
gate=50.0000
Dev=1
trigger=0
ai_relax=0
ai_pulse=1
ai_capacity=1
[Generator]
period=80.0000
width=1.0000
isActive=1
GPIB=10
ch=1
amplitude=-1.000000
bias=3.000000
step_voltage=-1.000000
begin_amplitude=3.000000
end_amplitude=0.000000
[General]
file=From_80_to_30_1ms_3Vr_1Vp
mode=0
save_path=C:\Users\Âèêòîð\Documents\GitHub\DLTS\save\LABO2\1ms_1Vp\
[Model]
mass=9.109e-031
g=1
[Ñorrelator]
width=100.0000
c=5.00
type=1
amount=9
_0=15.0000
_1=20.0000
_2=30.0000
_3=40.0000
_4=50.0000
_5=60.0000
_6=70.0000
_7=80.0000
_8=90.0000
_9=50.0000
_10=55.0000
_11=70.0000
alpha=0.10
Use_alpha=1
_12=80.0000
[SULA]
range_capacity=1
pre_amp_gain=3
[Fitting]
abs_error=1e-006
max_iter=50
use_for_relax=1
use_for_dlts=0
ncoeffs=20
order=6
